31.82571,117.2264
40.18238,116.4142
30.05718,107.874
26.07783,117.9895
36.0611,103.8343
23.33841,113.422
23.82908,108.7881
26.81536,106.8748
19.19673,109.7455
38.0428,114.5149
47.862,127.7622
33.882020000000004,113.614
30.97564,112.2707
27.61041,111.7088
44.09448,113.9456
32.97027,119.464
27.61401,115.7221
43.66657,126.1917
41.29284000000001,122.6086
37.26923,106.1655
35.65945,96.02564
35.19165,108.8701
36.34377,118.1529
31.20327,121.4554
37.57769,112.2922
30.617140000000006,102.7103
39.29362,117.333
30.1534,88.7879
41.11981,85.17822
24.97411,101.4868
29.18251,120.0985
13.7563,100.5018
35.6762,139.6503
37.5665,126.978
23.6978,120.9605
47.7511,-120.74
40.6331,-89.3985
34.0489,-111.094
22.1987,113.5439
22.3193,114.1694
1.3521,103.8198
21.0278,105.8342
46.2276,2.2137
28.3949,84.124
4.2105,101.9758
43.6532,-79.3832
49.2827,-123.121
33.7879,-117.8531
34.0522,-118.2437
-33.8688,151.2093
-37.8136,144.9631
-27.4698,153.0251
12.5657,104.991
7.8731,80.7718
51.1657,10.4515
61.9241,25.7482
23.4241,53.8478
12.8797,121.774
20.5937,78.9629
42.9849,-81.2453
41.8719,12.5674
55.3781,-3.4360000000000004
61.524,105.3188
60.1282,18.6435
37.3541,-121.9552
40.4637,-3.7492
-34.9285,138.6007
42.3601,-71.0589
36.5761,-120.9876
50.5039,4.4699
43.0731,-89.4012
35.4437,129.638
32.7157,-117.1611
29.4241,-98.4936
