55
71
74
108
126
133
164
182
192
200
223
228
247
288
312
325
335
357
422
426
449
471
485
505
526
550
571
579
608
639
642
644
648
650
677
709
713
714
725
730
786
809
833
912
920
936
945
953
954
974
1003
1068
1071
1080
1116
1120
1133
1134
1149
1171
1177
1181
1187
1196
1206
1238
1256
1259
1282
1287
1296
1310
1318
1337
1352
1391
1397
1403
1412
1416
1477
1508
1532
1537
1551
1578
1580
1608
1615
1619
1621
1654
1671
1672
1694
1742
1746
1753
1769
1773
1778
1789
1828
1857
1881
1888
1945
1953
1958
1961
1978
2024
2029
2040
2055
2065
2126
2166
2171
2176
2222
2228
2237
2246
2250
2260
2285
2290
2321
2338
2353
2384
2394
2401
2415
2430
2466
2494
2539
2549
2567
2576
2583
2584
2591
2596
2626
2630
2631
2643
2648
2670
2683
2686
2716
2725
2739
2761
2770
2781
2787
2819
2848
2858
2882
2923
2929
2974
2995
3022
3055
3082
3087
3167
3168
3201
3251
3265
3273
3296
3307
3338
3347
3348
3356
3368
3393
3395
3401
3405
3418
3456
3565
3570
3582
3615
3638
3686
3688
3705
3710
3719
3731
3807
3813
