P1810,5,0.576717,1.051716,1.628433,4
P1751,5,0.340546,1.288217,1.628763,0
P572,5,0.62103,1.009909,1.630938,4
P380,5,0.289806,1.341992,1.631798,2
P1959,5,0.323721,1.313396,1.637116,5
P684,5,0.351974,1.286194,1.638168,0
P1987,5,0.282624,1.356284,1.638908,1
P1028,5,0.283538,1.357764,1.641302,5
P730,5,0.299416,1.343676,1.643093,3
P1333,5,1.00519,0.644523,1.649713,1
P624,5,0.281636,1.379125,1.660761,0
P1042,5,0.364337,1.298104,1.662441,0
P2079,5,0.318605,1.344529,1.663134,5
P736,5,0.318025,1.351875,1.6699,4
P1398,5,0.371423,1.304178,1.675601,0
P1215,5,0.476288,1.214397,1.690685,0
P2809,5,0.395488,1.302376,1.697864,6
P2620,5,0.708351,1.001616,1.709967,6
P1222,5,0.370192,1.344797,1.71499,6
P935,5,0.38259,1.357975,1.740565,5
P484,5,0.440571,1.300787,1.741358,5
P719,5,0.331487,1.412797,1.744284,4
P1606,5,0.433635,1.320447,1.754082,1
P26,5,0,1.75504,1.75504,2
P1475,5,0.411023,1.365707,1.77673,6
P1460,5,0.328133,1.4535,1.781633,1
P90,5,0.301548,1.491701,1.793249,6
P628,5,0.29603,1.50632,1.80235,1
P3154,5,0.380993,1.43475,1.815744,6
P1777,5,0.251025,1.57386,1.824886,5
P1264,5,0.413863,1.416442,1.830305,5
P541,5,0.321079,1.524313,1.845392,1
P2107,5,0.353021,1.493236,1.846258,6
P223,5,0.28429,1.563,1.847289,3
P1072,5,0,1.850772,1.850772,5
P377,5,0.402133,1.461248,1.863381,0
P2153,5,0.296432,1.577569,1.874001,6
P3088,5,0.364218,1.563549,1.927767,5
P97,5,0.275585,1.652913,1.928497,2
P1503,5,0.605602,1.333568,1.93917,1
P1320,5,0.256583,1.717965,1.974549,4
P1578,5,0.404688,1.583634,1.988323,3
P3543,5,0,1.996131,1.996131,1
P997,5,0.317082,1.704404,2.021486,5
P269,5,0.767526,1.257805,2.025331,6
P1754,5,0.337682,1.693645,2.031328,1
P668,5,0.337927,1.69776,2.035686,1
P1432,5,0.327357,1.733909,2.061267,1
P2671,5,0.311813,1.75812,2.069932,4
P695,5,0.257675,1.827799,2.085474,0
P2197,5,0.270644,1.81944,2.090084,0
P1193,5,0.356563,1.763962,2.120525,6
P153,5,0,2.121103,2.121103,6
P1067,5,0.388891,1.76185,2.150741,0
P412,5,0.474203,1.680858,2.155061,0
P2076,5,0.337191,1.820059,2.15725,2
P717,5,0,2.172776,2.172776,1
P2039,5,0.332123,1.843338,2.175461,4
P2018,5,0.447838,1.761723,2.209561,6
P1928,5,0.28125,1.943201,2.224451,5
P1880,5,0.666797,1.570131,2.236928,6
P3064,5,0,2.247858,2.247858,1
P2431,5,0.389517,1.885606,2.275123,1
P422,5,0,2.29648,2.29648,3
P2292,5,0.365791,1.966066,2.331857,6
P1465,5,0.314246,2.065823,2.380068,1
P48,5,0.369355,2.028943,2.398298,6
P3252,5,0.380578,2.027576,2.408154,0
P247,5,0.431641,2.031099,2.46274,3
P904,5,0.261911,2.236822,2.498733,5
P2549,5,0,2.530612,2.530612,3
P1262,5,0.431701,2.124759,2.556461,6
P538,5,0.598,1.99571,2.59371,5
P677,5,0.330543,2.288053,2.618596,3
P737,5,0.34365,2.327577,2.671227,0
P367,5,0.299452,2.377203,2.676655,2
P381,5,0.262003,2.418877,2.68088,5
P1551,5,0.274303,2.43629,2.710593,3
P1186,5,0.458606,2.277859,2.736465,4
P133,5,0.377659,2.379764,2.757424,3
P1192,5,0.372075,2.397608,2.769682,1
P738,5,0.668327,2.136115,2.804442,4
P1112,5,0.45083,2.362015,2.812844,0
P482,5,0.340922,2.485935,2.826856,2
P714,5,0.397325,2.456994,2.854319,3
P211,5,0.453942,2.410062,2.864005,1
P718,5,0.301961,2.651188,2.953149,6
P1255,5,0.312197,2.665731,2.977928,6
P924,5,0.270198,2.813326,3.083524,0
P387,5,0.432971,2.680701,3.113672,2
P1213,5,0.305164,2.808524,3.113688,0
P1171,5,0.407196,2.706576,3.113772,3
P801,5,0.296289,2.851255,3.147544,0
P478,5,0.399619,2.757774,3.157393,6
P1602,5,0.479022,2.97798,3.457002,4
P746,5,0.322057,3.283458,3.605515,5
P1401,5,0.307759,3.507499,3.815258,1
P514,5,0.300757,3.52652,3.827276,2
P1373,5,0.292707,4.053441,4.346148,2
P270,5,0.308328,4.151155,4.459483,5
